
	Distribution Summary

Distribution:	Beta         
Expression:	22.5 + 24 * BETA(0.58, 0.838)
Square Error:	0.082317


	Data Summary

Number of Data Points	= 7
Min Data Value       	= 23
Max Data Value       	= 46
Sample Mean          	= 31.1
Sample Std Dev       	= 7.97

	Histogram Summary

Histogram Range    	= 22.5 to 46.5
Number of Intervals	= 24


==================================================================
Int.   No. of               Probability           Cumulative      
No.    Data Pts.   x        Density               Distribution    
------------------------------------------------------------------
                            Data   Function       Data   Function   
   0     1       23.0      0.143      0.145      0.143      0.145
   1     1       24.0      0.143     0.0710      0.286      0.216
   2     0       25.0       0.00     0.0573      0.286      0.273
   3     0       26.0       0.00     0.0500      0.286      0.323
   4     1       27.0      0.143     0.0453      0.429      0.369
   5     0       28.0       0.00     0.0420      0.429      0.411
   6     0       29.0       0.00     0.0395      0.429      0.450
   7     1       30.0      0.143     0.0376      0.571      0.488
   8     0       31.0       0.00     0.0360      0.571      0.524
   9     1       32.0      0.143     0.0347      0.714      0.559
  10     0       33.0       0.00     0.0337      0.714      0.592
  11     0       34.0       0.00     0.0328      0.714      0.625
  12     0       35.0       0.00     0.0321      0.714      0.657
  13     1       36.0      0.143     0.0316      0.857      0.689
  14     0       37.0       0.00     0.0311      0.857      0.720
  15     0       38.0       0.00     0.0308      0.857      0.751
  16     0       39.0       0.00     0.0306      0.857      0.781
  17     0       40.0       0.00     0.0306      0.857      0.812
  18     0       41.0       0.00     0.0307      0.857      0.843
  19     0       42.0       0.00     0.0310      0.857      0.874
  20     0       43.0       0.00     0.0317      0.857      0.905
  21     0       44.0       0.00     0.0328      0.857      0.938
  22     0       45.0       0.00     0.0350      0.857      0.973
  23     1       46.0      0.143     0.0438       1.00       1.02
